1.99337e+07
100
1.99337e+07
200
1.99337e+07
300
1.99337e+07
400
1.99337e+07
500
1.99337e+07
600
1.99337e+07
700
1.99337e+07
800
1.99337e+07
900
1.99337e+07
910
1.99337e+07
920
1.99337e+07
930
1.99337e+07
940
1.99337e+07
950
1.99337e+07
960
1.99337e+07
970
1.99337e+07
980
1.99337e+07
990
1.99337e+07
991
1.99337e+07
992
1.99337e+07
993
1.99337e+07
994
1.99337e+07
995
1.99337e+07
996
1.99337e+07
997
1.99337e+07
998
1.99337e+07
999
1.99337e+07
999
1.99337e+07
999
1.99337e+07
999
1.99337e+07
999
1.99337e+07
999
1.99337e+07
999
1.99337e+07
999
1.99337e+07
999
1.99337e+07
999
1.99337e+07
999
1.99337e+07
999
1.99337e+07
999
1.99337e+07
999
1.99337e+07
999
1.99337e+07
999
1.99337e+07
999
1.99337e+07
999
1.99337e+07
999
1.99337e+07
999
1.99337e+07
999
1.99337e+07
999
1.99337e+07
999
1.99337e+07
999
1.99337e+07
999
1.99337e+07
999
1.99337e+07
999
1.99337e+07
999
999.000
aero-res,array-power,bearing-res,cda,energy,energy-gained,gravitation-res,irradiance,motor-power,power-out,resistive-force,speed,time,tire-res
24.70224,0.00000,7.50000,0.05717,19933704.80120,-66295.19880,24.52377,0.00000,1647.37997,1657.37997,64.08314,90.00000,0.01111,7.35713
